-4.051261 -3.480169 -3.443224 -2.503347 -2.187964
-1.908754 -1.694595 -1.334900 -0.985772 -0.8374927
-0.5694454 -0.4998048 -0.3053164 -0.2186942 0.2888222
0.2996158 0.3310656 0.4404555 0.584866 0.814972
0.8258877 0.9180314 1.041543 1.095552 1.123169
1.159760 1.302058 1.572875 1.611238 1.677611
1.906179 1.959678 2.38034 2.391237 2.451471
2.509518 2.573159 2.603493 2.638166 2.739973
2.798287 2.864005 2.869295 2.871157 2.883301
2.950106 3.009036 3.210538 3.266816 3.297202
3.346161 3.459182 3.462975 3.467599 3.511894
3.621602 3.695996 3.713825 3.763838 3.76783
3.895993 3.944639 3.956575 3.969155 3.979529
4.053621 4.058149 4.094064 4.128236 4.163177
4.188097 4.293971 4.308847 4.311536 4.455439
4.458439 4.486877 4.547449 4.599578 4.667416
4.674342 4.687192 4.696542 4.779864 4.78178
4.789518 4.798749 4.831958 4.883956 4.920661
4.98641 5.049695 5.068478 5.082726 5.086929
5.167939 5.183156 5.185981 5.204857 5.301589
5.322498 5.392183 5.403505 5.419683 5.436067
5.436443 5.540823 5.581555 5.830205 5.84422
5.879724 5.947598 5.957542 5.983048 6.034212
6.038578 6.093585 6.101785 6.105674 6.121516
6.142654 6.164656 6.242697 6.270553 6.308482
6.337402 6.358703 6.363848 6.402617 6.410128
6.429011 6.459405 6.493722 6.494495 6.517173
6.517855 6.6094 6.659581 6.71557 6.785446
6.801052 6.805464 6.827589 6.828456 6.860493
6.861705 6.950833 6.989857 7.025192 7.035324
7.064009 7.120488 7.214712 7.23066 7.236371
7.318612 7.333932 7.345976 7.356736 7.365037
7.380218 7.398839 7.456196 7.471034 7.484169
7.48771 7.506078 7.5192 7.54706 7.547781
7.603113 7.627593 7.638783 7.656017 7.703261
7.748985 7.814646 7.818177 7.825642 7.825886
7.83912 7.860916 7.917052 7.953965 7.960106
7.982731 7.984811 7.988422 7.991553 8.020745
8.05605 8.056672 8.096777 8.138355 8.168364
8.171937 8.19417 8.216737 8.227179 8.24778
8.263396 8.263851 8.351693 8.403016 8.434903
8.441075 8.45743 8.459895 8.49569 8.553638
8.561947 8.565812 8.5751 8.577957 8.607257
8.613116 8.616568 8.623046 8.634967 8.70743
8.734402 8.776532 8.791752 8.823644 8.931491
8.955842 8.99687 9.003492 9.008804 9.02567
9.039201 9.063618 9.07787 9.101346 9.101913
9.135542 9.162788 9.183543 9.264525 9.265796
9.280242 9.284985 9.32115 9.336915 9.341807
9.40617 9.48398 9.49164 9.522392 9.534788
9.53934 9.547738 9.548485 9.56302 9.566494
9.577982 9.581743 9.60251 9.61113 9.62979
9.685843 9.771646 9.782456 9.785879 9.872548
9.891343 9.962134 9.964308 10.05467 10.05711
10.05872 10.07663 10.07880 10.10404 10.10438
10.19017 10.20978 10.24043 10.26110 10.26188
10.32873 10.35739 10.35964 10.38777 10.55447
10.58178 10.58264 10.60650 10.61067 10.61961
10.63241 10.64231 10.67156 10.67790 10.69144
10.80510 10.83321 10.8515 10.91822 10.99699
11.01294 11.0157 11.02034 11.02863 11.03189
11.09530 11.11439 11.13136 11.17185 11.18656
11.19188 11.20307 11.204 11.24409 11.25341
11.27796 11.33524 11.35198 11.39763 11.39849
11.41475 11.41924 11.44728 11.48915 11.52398
11.52484 11.53984 11.54072 11.54383 11.59299
11.60738 11.65283 11.70511 11.75770 11.76879
11.77797 11.87401 11.87402 11.88798 11.89329
11.97748 12.03793 12.07518 12.10557 12.12151
12.13346 12.14038 12.15948 12.24943 12.30264
12.32678 12.36377 12.36899 12.39273 12.41146
12.44847 12.44869 12.55329 12.62234 12.64827
12.72650 12.73460 12.75702 12.75735 12.79555
12.88114 12.90612 12.93759 12.95473 12.97233
12.98422 13.0141 13.02151 13.02608 13.04813
13.06874 13.12364 13.12608 13.14404 13.15839
13.18243 13.18693 13.27306 13.40872 13.45735
13.48499 13.59201 13.65943 13.77067 13.77118
13.78538 13.81732 13.82536 13.85297 13.89420
13.90132 13.93357 13.95850 13.98371 13.98775
13.99294 14.00462 14.01014 14.01069 14.01708
14.03605 14.06493 14.06605 14.11255 14.30169
14.34066 14.39363 14.40122 14.50025 14.68244
14.70178 14.72635 14.73550 14.80726 14.81475
14.84944 14.95399 14.96598 14.99148 15.03460
15.16666 15.19615 15.23621 15.24193 15.34298
15.37564 15.37666 15.39562 15.45394 15.49103
15.5501 15.55972 15.60788 15.61690 15.62663
15.70689 15.72333 15.78698 15.88792 15.93851
15.93909 15.9629 16.00405 16.08712 16.12092
16.18164 16.19442 16.20253 16.22026 16.23554
16.32766 16.33922 16.39085 16.47398 16.53814
16.56527 16.62040 16.89344 17.11516 17.27846
17.57957 17.62268 17.62836 17.66614 17.74360
17.75115 17.76344 17.80789 17.93992 18.03935
18.08382 18.14251 18.28632 18.67333 18.80931
18.87262 19.09504 19.30543 19.33908 19.36448
19.67688 19.70922 19.72174 19.75501 19.91978
20.25835 20.71572 20.93192 21.20942 21.30297
21.43769 21.54520 21.65935 21.88840 23.62948
