2.598792 12.80145 5.84549 10.45372 -2.367821
5.611354 3.803182 14.31889 8.402552 6.425296
11.53012 10.71101 6.675214 14.24295 14.85569
15.66765 17.94133 16.50631 3.643002 11.51687
15.64627 9.435217 0.8748441 -0.2330061 8.230393
13.43133 19.19017 10.26344 1.004329 9.462976
7.812927 3.767809 12.27661 10.91781 10.62265
3.358115 13.77662 1.917866 14.24577 10.29344
6.749428 8.145639 13.92936 10.69246 15.18089
5.863852 15.44328 9.13505 15.42668 9.699016
1.112785 13.54369 11.08650 14.04153 3.312651
10.47504 14.61661 13.99294 11.34311 10.64940
8.323003 7.3814 16.60981 16.41475 6.806439
1.57117 10.11455 8.25726 11.7124 5.568592
0.2071239 5.397627 4.177298 9.294504 8.719142
11.56516 19.07196 8.255098 21.10174 8.555432
13.78887 15.32317 13.12960 10.86393 5.4013
6.082989 5.843207 13.17603 11.02825 9.692902
6.626752 4.72455 10.81671 5.308978 -1.622875
6.423613 8.311368 10.69925 8.891963 11.56647
3.632195 10.35370 3.772691 9.055116 6.75011
4.317306 0.7389657 6.553795 13.12291 10.95198
18.53153 10.19172 14.25453 12.35419 10.38522
3.895369 15.85565 11.61856 11.70739 14.08195
2.303437 10.84897 14.34352 7.385086 13.12778
2.081407 11.20771 15.55315 11.76474 10.64723
9.657991 12.92473 9.940561 9.193675 -3.169339
10.37984 10.64198 5.319841 8.142575 3.809762
7.874296 6.498111 12.86315 12.33202 10.95104
13.2567 6.237827 10.50353 14.27596 10.29039
9.406905 16.39137 8.95554 14.09226 11.44945
9.486022 15.75825 9.476181 6.15744 13.4503
13.91887 3.060171 18.67607 14.11844 14.80107
14.17481 1.321768 14.25989 14.10705 9.016016
14.97790 14.08481 6.980789 11.78130 14.45043
18.74987 15.25565 15.01972 6.656756 1.583450
0.8098198 0.5361764 15.49193 22.88384 6.746786
7.631488 6.316334 10.935 13.55568 -5.018451
17.11492 5.739794 17.73599 18.22792 12.60081
14.56538 12.79942 7.073851 12.94358 7.388821
15.38501 4.215142 4.198958 6.829806 1.725439
14.07805 13.80784 5.839131 5.407747 4.668087
12.32800 10.95492 10.39006 6.144844 19.09593
2.130366 -2.448298 16.70569 14.54964 7.489853
20.24528 16.08273 5.896801 -0.5423649 10.54360
6.523174 9.996071 9.112032 14.78472 11.35800
3.347398 7.586758 16.47115 19.66414 11.66291
2.689802 4.871156 7.507784 8.403065 16.09863
15.02904 22.07741 13.20051 14.97729 18.66961
13.14270 9.677454 15.71681 20.09845 3.745929
11.97469 13.47634 12.5152 17.1994 11.66018
8.176163 13.76764 9.29699 12.08060 7.817066
20.40898 9.02321 -0.2656865 15.54549 16.60356
5.505302 4.242783 17.40724 9.93368 15.31483
-1.560321 9.528496 6.459623 4.713408 8.507351
4.637266 7.178246 5.05369 13.77832 14.66185
24.55277 13.75918 8.388371 7.176002 15.04464
7.266152 12.28660 18.75403 17.34374 11.12875
24.3413 6.317235 9.373515 5.43058 6.988833
4.80683 0.6083813 11.91149 13.97790 5.990689
11.01255 10.96758 4.650235 8.393366 -5.929791
10.94491 4.826579 14.22790 15.91348 -1.31031
8.673278 5.940301 13.34156 17.03865 11.39298
17.45522 12.00662 4.364419 5.664237 6.995505
9.528755 7.848954 11.50851 8.138786 10.63982
5.237193 2.465935 12.71577 8.37034 10.81724
9.017898 5.147032 11.966 11.38275 6.99615
5.744177 11.58968 5.763047 12.14197 8.41151
14.30266 9.349654 11.84789 9.43379 11.42152
8.049502 10.66016 5.364758 11.45292 7.053366
6.00171 12.28856 1.561168 3.092562 6.684454
8.6304 -2.040535 7.8583 10.14392 20.23511
13.33550 15.6988 16.07043 5.873065 11.94315
8.646162 12.42977 15.55052 15.38399 2.905137
4.431604 -0.7995664 11.71025 8.51125 1.255914
12.27272 6.875022 5.953783 13.65219 14.67447
12.72875 16.09939 9.371712 8.890435 11.94027
3.910307 6.113873 9.933319 10.75621 6.242701
14.41237 10.21997 11.86371 7.185688 5.083448
9.979745 10.95059 7.698126 11.28427 16.27690
11.98922 11.13966 12.84548 16.74159 7.803005
13.41042 3.611349 12.42002 0.9768975 12.27525
12.08978 10.20693 5.696642 23.59338 10.29725
11.12959 12.49702 12.95651 6.557847 15.80420
23.05395 13.14126 14.56783 14.91336 26.98789
6.893002 3.551356 18.86757 7.782793 16.16542
6.878819 9.395803 10.21885 17.84106 12.47510
2.432470 0.7790382 8.567603 10.58937 24.46522
14.99398 8.398009 9.100216 1.620539 17.08627
5.962964 25.96145 0.5464195 12.14086 13.70582
14.13266 11.53816 7.723923 5.478402 18.15469
3.738220 14.79783 14.46288 12.15298 14.24363
15.78478 13.55129 7.940842 6.616007 11.19049
7.062085 4.856289 12.71575 13.07736 10.07135
15.33638 11.29828 10.77808 13.38025 9.73103
7.822676 0.4270735 16.30680 -1.779991 9.406509
4.919304 10.396 10.78454 9.218395 4.107598
3.892406 6.397797 13.21117 6.735524 10.68726
6.719002 7.738182 18.26203 5.393777 12.78120
12.72308 -0.1250857 16.03288 17.42010 9.65275
