10.16411 5.372841 8.387692 10.40761 19.97366
17.23034 9.482505 8.785632 12.22775 7.096615
8.369594 8.452874 8.165737 14.99166 13.90694
10.26569 14.05766 16.93942 6.99556 2.30435
10.56714 4.421463 10.81778 16.17883 3.966702
7.148923 13.07354 4.310269 9.90232 0.9688628
6.937235 8.368466 10.43430 10.77428 10.80740
7.847224 12.99405 14.59557 6.625317 11.05122
6.511759 17.99391 6.658399 7.903055 -0.08227075
10.16289 13.76694 0.681497 6.618421 13.10074
16.25371 5.445311 7.4508 7.648982 11.30250
14.50608 15.77297 14.74228 6.860657 15.05171
12.62520 8.813882 23.58890 9.088576 11.71724
4.025398 7.933075 7.279796 12.21910 11.68201
3.944055 10.99219 9.494185 2.452343 9.160831
3.624904 7.180284 7.666251 5.0259 9.285333
11.37944 10.09615 16.69113 11.46628 5.667877
16.85366 14.96276 17.84132 7.833722 4.875676
8.206171 6.65778 4.867732 9.277833 7.941592
8.465059 9.254017 13.77159 7.885321 11.77523
9.496443 8.978102 14.12071 9.5578 13.91230
17.24790 15.57200 16.64513 0.7286738 9.694083
7.295131 2.957935 3.342452 5.959678 5.549021
11.22273 10.92447 13.90054 14.79086 2.728645
11.64251 16.45927 12.01030 10.38391 1.477304
12.38381 5.357082 4.222526 8.778676 14.35076
4.727395 9.321974 1.977166 10.8246 14.62500
17.61654 5.516189 22.17853 10.07286 6.925568
1.628413 4.602207 16.89913 16.17484 6.866849
15.99861 9.952668 15.15484 9.568672 0.005736818
10.50355 15.46542 11.19542 10.13681 5.524861
9.763712 8.108347 10.06546 10.25139 6.430334
17.54208 6.636352 7.961833 9.907534 14.96187
9.640706 9.281307 6.478969 11.59295 4.958582
15.45727 9.495587 5.557717 7.03595 10.25468
12.54599 19.27084 21.84936 9.483483 9.139003
12.41236 11.07658 15.73276 -1.517779 7.07181
17.57149 6.035164 9.68909 20.04226 12.34996
11.07702 2.117097 17.10314 19.98668 9.16128
15.65365 10.58190 9.987662 7.29721 13.0787
8.073921 -0.4565259 9.565168 10.26666 9.061048
6.891011 8.460163 17.77008 14.42552 5.687384
13.52063 12.96781 10.72126 4.788556 16.99412
5.373894 10.33962 8.453054 11.52677 23.06227
11.15111 2.504773 11.66586 6.250095 7.45327
9.789188 9.238938 11.82309 12.45096 3.472607
6.069318 3.149213 0.4353324 18.4487 11.59528
15.44651 10.86735 15.11168 7.439352 8.672362
1.262312 15.28942 14.45589 11.35145 11.85623
12.0425 17.23721 7.466608 -0.08714141 9.315787
13.82093 5.950798 9.121707 14.21923 11.1802
10.99683 19.52036 12.42715 18.92672 15.41621
9.746427 8.56163 11.60177 9.455712 7.599568
13.33559 20.91484 6.687127 9.269999 18.06617
20.54644 5.032083 5.133647 13.20845 14.24300
13.73402 11.82064 9.292396 19.75103 12.20638
10.56438 10.42187 21.30288 -0.5662334 12.51999
11.48014 13.62512 10.27398 9.469331 12.90834
12.33749 12.90835 7.464065 10.69192 16.76457
11.78221 2.938776 14.03944 8.903004 9.727836
17.70384 15.56250 6.005976 12.00948 2.061203
2.720696 2.700283 8.512343 14.10891 13.27932
19.46945 8.859677 13.63461 10.70899 7.296388
17.62722 5.108736 7.685205 -2.327853 11.99232
17.51234 15.92213 12.57649 2.227921 17.02802
-3.028984 6.673377 10.51720 -0.4242239 1.308566
18.21528 6.105801 9.674743 -2.948605 13.89649
6.38631 12.64147 13.71314 6.700254 9.604705
15.76304 10.65433 6.227284 15.58436 7.424209
7.313164 17.2935 7.587495 14.35770 5.555915
3.423254 -1.820988 2.898985 13.0712 10.31183
9.48934 17.09233 14.91075 7.885407 13.11249
10.92704 2.993149 16.08515 8.455159 12.99854
15.79582 6.141108 6.985384 11.68933 15.30700
6.0829 20.04653 6.78678 16.95131 15.87855
10.26888 5.906128 11.91681 10.78894 4.995507
9.49867 10.66406 13.91029 14.76198 9.875777
7.762098 10.68876 4.003667 5.310056 10.01697
10.40785 11.66255 8.747668 4.319229 12.90149
7.715679 14.09631 10.05474 9.520987 14.36744
9.68863 12.76091 12.38090 13.55657 12.41955
7.988532 3.731813 8.614118 5.332202 9.036375
7.428234 15.10153 5.188693 16.06755 18.26267
9.186669 9.850054 7.342923 15.27454 7.170141
23.14878 17.07851 5.133613 17.3883 5.277307
8.673411 0.3710045 3.311191 11.41828 4.976178
6.558457 11.02871 13.53743 10.62132 10.84774
4.767937 8.181991 10.71261 13.44936 12.37149
5.451822 -0.03402373 15.32833 13.22616 17.35938
5.368164 11.74553 5.547205 18.08463 16.94461
17.87614 -3.305499 15.99144 16.48827 13.15150
9.51559 2.100677 8.204598 9.160169 2.906192
10.70033 16.63866 4.807674 11.95652 8.715713
8.061145 8.437574 2.236089 2.79595 8.86901
12.63894 8.307278 13.55043 9.036614 15.37179
4.179774 7.544124 12.71829 13.71972 12.79612
2.827721 9.50348 3.300994 17.10619 14.99248
3.468777 9.372008 7.084572 10.05791 6.655517
9.597124 14.53633 12.16005 13.17550 3.671607
11.89110 14.44505 14.0332 10.50406 8.847474
