229.2402 136.5884 106.0611 116.6440 117.9646
111.9046 127.1544 169.7369 88.1142 157.6302
92.7399 139.9936 96.8667 37.09128 105.2075
143.5885 110.1064 15.26255 28.37303 55.85057
123.3906 93.5109 135.2404 67.68989 141.6976
145.9655 61.90745 208.6024 37.97911 58.70127
137.9544 61.42861 166.7218 161.0814 44.34509
101.0829 92.74328 128.6840 104.5515 126.1163
107.9667 153.1907 130.091 4.225119 99.73403
77.97584 36.06541 77.71222 122.2670 98.65024
95.5215 143.2959 133.3886 108.4393 109.2270
73.22225 102.9096 80.62158 82.19825 68.19034
123.8501 86.90445 80.50516 71.89018 77.86597
111.6408 80.02109 165.8530 65.31667 201.9889
58.95854 69.93769 97.59319 41.57878 124.6465
19.02439 91.01348 78.12922 88.79677 21.13260
112.6062 144.6229 55.15419 60.33639 4.503142
110.2733 66.85964 122.8308 55.25162 101.0702
109.9402 110.9901 188.9829 142.7265 64.2262
108.4792 97.58473 103.9920 72.96682 98.92224
110.1279 122.4179 108.9874 191.6442 16.24267
88.31893 20.05221 152.4814 131.1546 147.9289
51.9087 166.42 143.5222 133.0892 188.0876
83.14526 134.3660 55.40677 146.4390 78.35474
53.06576 145.4623 108.0981 147.8383 37.01672
138.5062 96.96923 19.54344 55.69723 200.9692
130.9680 153.3722 36.24063 120.2915 27.77871
173.3950 147.8434 81.68557 41.35542 110.8163
138.9276 49.3444 70.05356 80.02739 73.94051
79.89764 107.3578 83.34852 90.62414 61.36215
127.6352 127.4418 56.63349 81.58262 218.0435
89.32137 97.43539 162.2350 68.84173 76.99378
94.66418 80.61942 -16.72917 176.1213 99.9394
96.94236 102.4042 13.21050 -0.3779111 23.38759
44.77952 135.3959 41.62933 155.5793 10.61977
129.8821 -17.21447 90.7445 69.63517 126.6771
158.1447 92.41904 109.9975 88.33198 118.8020
17.91271 31.43143 56.69391 55.99764 122.3123
104.9288 9.744466 87.86734 193.9756 152.5337
231.8533 149.9713 102.3949 6.399144 5.618017
85.79753 115.1566 35.58457 117.9046 90.39208
88.1926 91.8909 101.9394 73.56986 46.29821
176.9344 118.8217 18.49362 177.2221 75.20133
108.6726 141.2327 126.9622 110.6239 -2.849754
95.1088 112.6904 66.14554 36.09912 32.38646
132.5540 149.6370 87.28121 110.4279 97.27811
19.76338 62.34008 -94.414 75.50849 203.8187
97.57888 143.8355 78.3396 66.95385 179.9161
171.4244 126.2248 104.3997 76.14159 197.8375
111.3344 76.34877 62.39149 61.56989 136.8286
152.1802 90.37965 120.3336 108.7262 -5.765473
81.61931 121.3224 25.70145 90.55337 139.7372
29.50886 115.8009 114.8309 -5.036685 105.0668
83.1006 117.4655 71.44152 78.04882 101.5798
172.2218 104.9777 177.8414 90.74994 86.9198
40.9229 105.0684 86.62379 104.6361 213.1778
62.45021 122.3013 135.8045 143.1968 125.7933
93.35155 136.2471 51.91748 144.7564 173.2135
71.14573 236.2938 153.5922 107.0675 36.62821
138.8183 111.4739 86.36534 77.00866 110.0798
124.5296 -30.17633 147.6305 139.8737 152.9977
174.3842 14.90125 153.1422 95.26095 115.1012
149.0459 66.84646 100.6644 36.0061 23.01613
95.46938 132.6968 158.1340 131.4613 130.1623
89.62307 135.5375 59.85707 -16.69660 148.9267
47.70938 22.02675 126.3862 140.6326 19.12315
76.58316 172.6967 121.9931 77.80251 -34.42827
15.32812 87.9847 57.95094 75.86556 116.2591
57.78579 156.7276 68.53924 86.82746 130.4488
63.81671 38.30765 138.9074 51.83164 151.8535
27.8843 64.09819 174.0317 18.58882 175.5846
68.21147 93.10317 125.8204 113.4001 121.1053
153.6159 82.49936 58.18679 103.1152 61.98147
143.3815 104.7317 107.2041 138.8513 140.5705
177.6058 100.8897 52.60036 209.144 73.61537
84.83386 118.3973 117.2183 29.07808 104.3115
125.6718 115.3817 179.6285 166.7836 30.6758
101.1472 174.1469 94.98442 98.3091 20.53745
168.0465 161.2706 144.2964 78.25256 69.814
32.71737 118.7505 126.0582 135.6183 141.3834
110.8854 19.62066 106.5724 62.66755 127.5722
131.0469 46.9076 107.7529 130.3389 83.2645
97.01856 90.35098 94.69603 102.5080 33.64191
156.3766 82.61112 87.56417 41.36567 31.50747
96.52874 76.63532 100.3482 68.60925 22.06863
138.7949 98.45908 120.4996 112.8601 53.94303
96.61756 38.88787 63.39308 68.58617 114.0586
70.63209 144.9225 29.15645 126.4178 50.59963
72.41877 63.37574 106.0063 117.6672 17.27633
58.7276 102.9044 143.9880 146.6482 30.96925
27.63770 54.50163 126.9922 138.6389 159.3680
107.4605 92.3246 204.2906 144.8913 135.5773
214.1134 164.1626 109.2596 152.5122 25.69882
25.95449 183.3534 190.137 151.6171 80.32566
121.6627 81.00659 110.5456 83.55382 105.5027
128.7543 8.818819 50.65819 84.79834 62.53304
115.5905 19.29643 110.0319 47.08740 138.5872
83.6332 45.82207 106.3838 62.44378 125.8356
57.03228 105.5230 82.39277 139.99 112.7352
30.06163 -22.96906 49.98147 118.6419 95.88787
