127.3934 37.21933 199.44 200.0674 216.0560
51.11122 132.1563 85.07033 197.3289 108.7141
66.20604 37.23661 34.33038 195.6419 68.81821
157.0243 13.13617 44.17807 138.1327 146.0146
137.8100 108.1611 154.4848 57.98749 35.67877
115.9552 115.0036 127.1847 122.6198 126.6224
134.7445 114.3387 106.1856 58.5953 251.4529
29.12088 88.46278 100.2139 135.6989 58.57628
201.3888 147.2759 68.20497 27.25418 114.8134
151.9206 133.4987 137.3953 53.08215 132.3093
186.1820 98.70048 145.7463 170.1963 92.37797
116.7218 62.97816 52.80073 70.57292 88.83002
-10.52920 159.3625 95.65977 109.7632 91.52262
111.5070 120.1407 142.5137 118.8163 32.56781
96.87562 14.48359 -40.35064 35.02949 89.48365
66.34553 151.9976 164.8612 33.52917 109.3176
193.0064 131.5852 108.9327 94.77258 88.81096
73.97136 6.74722 112.1252 137.4172 119.3137
61.10687 116.3979 91.60644 113.4524 99.01702
-0.2747140 99.68968 95.70457 54.0632 79.11405
84.47584 88.45697 170.2777 77.07808 89.8203
57.43167 34.49058 21.6016 139.3720 101.3110
132.7452 159.2684 72.90778 9.260996 88.7009
117.6951 89.56258 23.59004 17.62248 66.07872
144.5842 52.66326 104.8444 49.79397 117.4751
92.92956 119.4817 19.45701 -8.38215 169.9837
99.92085 144.7324 118.7954 108.21 154.4628
47.95632 135.2259 137.7288 118.7265 92.31357
47.86289 -5.336573 43.51559 152.7344 111.0913
49.98597 114.8935 91.78392 128.14 -10.16291
10.93589 43.10261 116.6217 49.00421 87.6543
4.438117 60.41991 21.91386 14.02999 117.7904
45.9815 95.25024 101.2484 75.89824 73.30716
25.91001 151.7639 66.24432 84.0984 192.1308
128.2941 86.05507 124.0872 77.93989 122.0409
102.3210 27.15883 29.14334 42.93044 149.7477
86.30877 188.1171 128.7632 120.2385 67.95642
56.91316 105.7722 115.3755 82.54605 100.2891
132.5243 51.42984 89.68226 139.8815 112.2302
90.82206 19.34683 109.0172 42.44254 125.8907
135.7087 128.7868 147.6907 108.6446 156.8988
75.43005 53.33302 95.68492 64.66536 152.5508
40.69127 31.08942 171.6173 70.15854 88.04654
75.6271 29.40776 136.3713 160.5138 97.65299
102.7022 219.6976 -13.49424 125.0760 94.33274
88.52178 78.45062 146.6299 127.0338 177.0319
163.6531 72.17807 214.827 95.37453 83.63764
63.9485 177.9804 129.1093 72.18502 121.2932
63.68371 146.6298 95.99094 64.57048 104.779
122.6102 65.157 97.16683 130.9383 88.31042
90.19368 128.3223 98.71296 72.59803 56.32668
170.3662 63.60919 158.2165 42.67398 123.9728
81.20922 151.9967 82.01616 119.6941 48.54774
120.8389 41.39789 38.62878 50.66823 38.86668
76.46389 50.80768 96.06756 120.0594 34.53228
78.6606 182.2185 178.3943 155.6235 16.92210
95.8089 69.44693 125.3220 70.26708 71.86533
43.54352 142.3558 181.4234 168.6740 98.01176
102.2769 -30.14386 -2.047979 145.0169 182.3102
116.2837 91.21628 89.48088 -21.59704 93.08162
122.9370 28.15380 163.2568 138.6892 94.02817
98.00922 174.6225 70.05402 57.0027 65.18019
133.5824 90.54466 124.5831 91.50994 207.5898
49.6992 165.9125 141.5211 91.05061 51.38005
148.1029 74.34349 77.62982 129.9985 131.4693
65.32602 2.742056 140.2526 114.6561 155.7867
123.5128 145.3118 155.5858 79.14894 39.07682
80.93446 125.9771 95.53155 54.52454 29.03750
170.0345 139.8099 74.06368 116.1550 128.0468
63.43185 90.42017 121.2019 166.6175 24.16071
46.87957 35.54834 83.3247 65.98268 137.8447
84.97479 21.39086 172.5063 74.65354 126.7183
174.9340 163.6753 102.0246 168.5992 79.94912
45.77149 68.41444 98.05816 155.4378 77.03238
116.9354 109.1226 167.6574 49.51085 34.03343
71.60468 132.1087 102.0939 112.5654 102.3601
54.37626 60.5236 41.03043 142.6885 74.32489
96.25127 26.9356 97.2146 42.72185 61.00996
59.03291 91.2283 75.24403 138.6130 7.40796
96.40496 111.3268 179.0123 49.04006 11.51110
42.69851 120.5145 106.0747 177.6459 101.5556
81.02343 73.51516 61.04232 60.44361 152.8075
40.94031 46.87523 118.6363 45.59812 133.9053
110.3458 123.4604 46.73744 37.21311 69.20511
130.9521 104.8736 135.1378 52.57962 84.99699
24.29863 120.1871 48.44229 155.3633 59.40402
151.3975 61.61368 12.01415 9.371187 31.20246
40.19008 83.77434 133.6258 166.6878 -38.84411
0.2731601 92.33057 89.03872 117.8747 95.97416
132.3276 90.42874 72.839 132.5787 53.42208
143.0224 103.9524 50.60357 106.2218 80.74602
164.3969 230.7756 62.50003 20.55229 87.68117
131.0672 165.8536 54.07635 124.5458 172.2881
154.7163 106.5594 70.19549 -14.02422 99.3736
40.21942 59.99919 136.5025 138.1702 72.0112
10.08058 186.3558 133.6479 49.777 188.4301
100.2197 140.4935 20.97421 104.9233 145.9404
55.27921 89.30922 117.1637 138.916 88.9712
8.475828 98.58408 94.92595 143.0917 112.3221
100.6431 75.7109 166.3434 87.4891 107.1079
