2.140116 3.099854 5.766734 7.026496 0.6490531
8.39038 5.991856 4.71754 0.06633371 8.926298
7.536939 5.037925 0.5294759 4.892255 2.902636
8.201278 0.8753513 2.198950 7.943336 1.479199
0.6775046 4.162619 3.038292 9.66108 4.592710
1.769676 8.698577 3.505229 5.605522 3.990214
6.089952 8.887705 1.694737 0.1090021 5.768949
6.481448 8.929323 4.899705 3.869688 2.595891
4.735441 9.72739 7.737227 2.529140 3.614042
8.777002 8.07482 7.295613 0.8611372 6.873312
3.248832 2.029692 7.561806 5.79039 3.318367
6.596778 3.32334 0.1862763 0.9354391 0.5623515
2.009623 3.408892 7.99891 5.337078 1.077011
9.708708 3.117093 4.95326 9.52323 4.866749
8.52582 5.12857 2.575617 2.763691 5.72938
0.2245234 4.665327 0.1953679 5.668408 2.650756
9.577101 6.93729 3.545088 9.546783 1.701199
8.426989 8.813508 2.292636 1.650643 5.629413
6.877901 9.046284 1.075337 7.783885 6.8169
8.030828 4.402818 7.811121 4.973192 0.6612695
4.641567 3.344866 3.744379 4.491777 1.677326
7.88317 6.258875 3.664269 2.505479 3.546043
0.6426955 6.403431 7.361608 0.2504958 2.690633
1.746208 8.604498 6.164891 5.139971 3.860534
1.326122 2.421583 5.590708 8.045157 2.243255
9.01655 3.117909 7.860422 9.421025 2.227979
8.073588 1.745363 2.040123 7.485615 2.480063
1.111159 3.503751 5.2421 9.26891 0.8306665
2.216260 7.147107 1.495817 2.998340 8.919303
3.747027 5.982926 6.98166 3.993940 4.192951
2.682224 4.4501 6.421065 9.673836 1.133328
8.155377 0.7081244 4.885638 9.631732 0.5873121
2.787831 6.646718 1.723228 8.794972 7.032878
9.59967 8.06639 3.56393 3.903912 9.977503
7.481998 0.5942108 2.909404 5.176853 4.106082
7.61143 6.934308 9.162223 4.073088 6.077543
4.430864 2.040317 9.953312 8.382758 8.720007
6.133597 1.810760 8.971345 5.04346 8.60972
2.630985 7.085718 7.57821 1.998642 1.110502
0.8682985 8.273685 1.302951 9.713832 6.598817
4.340676 5.74045 0.09947324 8.889055 2.046117
3.764003 9.679204 4.135162 9.333564 6.245706
9.034175 7.101787 1.767857 5.40547 0.5203646
9.061202 5.494125 5.417992 3.425796 1.182498
2.208045 1.832882 1.071970 6.085678 7.841996
6.907066 5.047138 2.047293 4.335733 0.846001
1.953787 6.716058 6.333427 9.356592 3.492657
9.13109 6.507104 4.501966 8.070294 7.013037
4.181953 1.962301 2.571414 8.344744 3.745221
3.839575 9.02769 6.150712 2.087223 7.654939
8.735529 4.65912 6.094978 9.216548 9.916592
2.038367 8.362326 2.804339 7.08469 6.211155
8.740111 9.459588 2.424795 6.007518 8.635045
0.9137081 4.140725 8.747531 8.507127 9.538686
4.916821 7.69883 9.29687 5.197013 8.751071
6.84322 5.048166 5.995931 8.232578 0.655073
5.995085 2.686528 9.198234 4.28602 3.602473
5.10472 4.086688 0.2173354 2.234380 4.795483
9.17816 5.312635 0.3687317 6.218537 4.495944
2.676665 5.237974 7.847516 1.460388 8.35439
8.547717 4.333597 1.815656 7.2554 1.807169
3.21145 4.252578 5.946714 1.751760 9.348896
1.039177 7.395146 9.105155 1.464062 6.84811
4.914375 6.579158 0.07041048 7.193345 2.632519
3.161821 1.158177 6.713158 7.18772 2.628988
6.143351 5.153483 3.000753 9.910102 1.264412
8.128757 8.990159 9.200704 3.13874 5.618793
7.683032 3.925582 1.087393 9.414242 5.068175
2.328561 6.416165 4.986937 8.778357 7.713455
9.787296 6.757676 7.59526 9.59705 5.639851
3.584952 7.775974 2.737342 6.639137 7.755143
3.951007 0.008105591 5.999318 5.875772 8.318685
0.1638645 5.432024 2.473285 4.493545 2.635774
1.150894 7.060446 8.33183 0.2124741 9.36527
9.394734 5.493947 4.034747 0.75921 4.897153
8.082562 5.542936 6.968408 8.039743 5.34851
9.248474 7.848333 7.021264 3.796311 4.897495
8.933336 4.487149 7.89069 5.653052 9.723732
5.410541 6.425123 7.912835 3.379690 5.425663
8.553079 2.652495 1.698736 4.063667 6.449489
2.869306 4.616971 9.18211 3.732052 3.955134
2.028207 3.816151 0.06907427 9.110487 2.88176
8.038835 4.400832 0.3204391 4.047171 0.08663476
1.145001 8.145389 0.7343992 7.223278 1.937892
7.278036 3.982572 5.594652 0.54967 3.534254
7.794373 6.178473 0.9038577 2.50122 1.070055
2.694681 7.883425 8.882125 6.999673 3.465266
4.910644 3.408586 5.779343 0.08833393 9.429828
3.459458 0.4210908 9.09496 2.300157 9.664808
0.5174411 8.13473 8.271466 2.420535 9.650614
8.381458 7.077895 2.893433 8.620803 6.112177
6.13724 3.566647 2.836963 6.656754 0.7955979
5.280191 7.267425 3.157489 6.509809 9.55212
6.808934 3.806694 6.682417 4.743139 1.714521
7.89487 0.7523936 4.846179 5.600908 2.081499
5.083823 3.488419 4.830701 7.031227 5.690216
8.735573 9.078293 8.658304 8.109145 3.377393
1.961145 2.808995 9.418564 1.115575 1.707593
9.434995 7.24711 9.79086 8.08602 3.238993
8.407733 5.123466 0.4608694 8.708527 1.352530
