2657.421 -1466.791 -40.16575 636.198 258.3284
-1132.990 464.5068 -349.0552 -429.8703 -712.0308
117.9352 613.5172 -1377.738 -303.5606 318.5570
259.1603 -1633.730 -2.401932 93.79878 -290.0432
-1594.51 -132.3073 -1734.968 -66.01572 1018.296
-1354.233 -710.6518 -1077.761 -285.7019 -971.7282
-628.2625 -828.6001 1436.022 -1822.610 -393.6883
-250.7248 105.2344 840.6506 434.9167 -239.4534
-1070.396 1081.961 614.7272 -6.17697 -927.5048
313.5723 -530.6305 275.3573 -1746.837 -1359.444
-1124.054 357.2861 -1275.831 -1289.409 -1557.737
-1100.852 492.7661 -38.72916 -683.0233 -211.5383
-1455.747 -836.2203 -62.72832 -1278.503 252.1789
-1204.585 117.1880 1334.514 232.2741 889.0496
-973.124 -758.4877 -1590.47 19.56071 -1101.424
-291.8342 424.9626 241.2859 -282.0606 -364.4785
-673.8544 -480.0817 -31.19398 -907.1716 -39.10544
-1600.339 159.3751 -1705.211 -110.4621 -197.4344
-1588.133 -1531.858 351.1435 761.8512 -9.179648
-1324.382 -1497.587 522.8317 -1088.082 -1174.122
-1556.774 -1654.029 -1490.953 1801.822 38.20758
-340.4386 -400.6977 824.2878 178.1799 -1821.725
-157.5701 1352.741 214.6997 -1221.389 -480.9991
-1014.524 -1661.119 -134.2564 -1677.982 378.1021
176.6824 -987.0123 -1088.532 -1850.113 -478.8418
-229.4035 -1438.729 -208.8534 -218.4576 -107.8234
104.0499 1076.644 -447.4836 -973.7559 22.29257
-1870.661 -1823.704 -455.5246 0.82453 -1508.161
62.14625 -527.1041 -792.9113 88.18105 -1002.892
120.5983 -806.718 -1091.407 324.5175 -841.2432
631.3425 556.3621 -450.9908 -449.9301 1998.28
46.08925 -1493.400 -1154.083 -295.9952 97.58652
-677.0773 -20.7063 323.6288 -115.1348 -766.4987
-1458.502 340.345 -84.8941 -42.53572 -371.7315
-503.4765 -1805.964 29.47636 650.0927 -196.0193
685.9212 290.9575 442.0368 -634.9301 140.6123
-1184.835 292.2706 -1511.557 -341.5663 -158.8305
-78.16112 -229.0541 -401.9979 -288.1922 -1702.077
369.763 -156.1757 -549.8516 666.6726 782.1731
979.2226 -945.2503 362.5557 -73.51478 -73.58647
-1257.810 472.4229 -550.057 339.2969 410.4619
-456.7554 250.9841 195.7202 -1001.351 -758.9647
709.3908 -156.1749 -152.3804 881.2231 -579.0651
-1395.493 918.2606 259.4513 -1556.380 176.6062
-853.8137 -709.8211 134.3677 -626.1278 -477.6199
-879.9422 -1250.150 -826.9787 -1629.957 -1550.946
-235.7312 -579.2289 1262.73 -427.5598 2117.927
-1502.052 31.87104 330.1669 97.29967 1469.256
-1575.410 -48.19377 481.4797 -131.9317 -1918.538
-1462.613 -156.6934 -531.1205 -804.3529 -1379.638
593.8225 358.4125 -1014.891 -1471.655 -27.1518
-500.3428 -1466.472 -135.8447 379.9787 588.8672
26.43942 576.693 387.5904 103.8634 325.1975
-1035.718 424.143 -1129.769 266.2122 9.840105
-1820.320 261.5367 1244.74 467.9994 -867.039
77.67629 225.9031 -983.2661 444.4868 -287.8999
-568.2695 -1797.205 -1664.650 531.0597 -401.2714
-55.30211 -1582.748 -50.72274 -617.2615 -1971.467
-1076.201 -1813.178 1199.673 -683.0767 -552.1889
-122.4749 -1355.853 -1125.727 18.68841 -1626.654
-1124.701 518.1258 -1807.501 606.4526 1066.455
-1554.512 42.17355 1044.787 -995.2504 460.6187
-1441.321 88.8419 -497.1003 -536.0869 -343.2812
-1055.216 -877.51 -1136.348 -110.8311 526.6748
107.3681 -1730.777 -966.0107 228.4519 -1615.021
-817.6999 -491.6775 -63.3556 960.3329 -107.6218
-79.5089 -1971.276 -1615.541 242.3374 130.7350
-100.8851 -413.3240 -835.46 -261.0107 737.9165
-749.0762 -92.33797 -241.8846 -949.0894 439.6491
-105.0795 -124.9971 21.25001 -19.19824 397.5773
17.11860 -69.31167 -1689.234 -79.24298 -561.4446
-97.9592 -97.02962 -281.7905 -329.9037 -1413.599
1181.665 -818.0953 -781.3225 439.8634 -660.2269
335.1198 457.343 -615.7069 17.79589 915.082
1046.653 -367.1076 48.20226 -1488.496 -938.9981
-1382.774 98.68077 515.4572 -103.5665 473.2576
-450.0243 553.14 1507.549 1299.768 -186.9158
-196.7790 -1571.611 -810.6898 -1373.662 -384.8465
989.2347 -1734.687 -182.4149 332.3769 -609.9351
-493.4838 -76.90666 -205.3955 -1766.804 1033.407
-1414.236 -224.0544 -372.9153 -497.5511 547.4528
144.6964 -761.6245 -989.5176 602.4295 -1021.784
-1425.579 415.0172 -754.2684 489.7705 -659.079
211.4052 -889.2853 -711.2591 83.74142 -277.2087
-1379.013 27.12275 -668.8302 -247.7341 -374.9202
-90.40877 -1296.985 -1163.606 -693.2283 171.2352
-1352.792 -111.5797 -182.0714 -215.9132 41.33330
-992.1051 -674.0932 25.52291 65.41418 -318.8379
-1095.754 -264.4273 -120.4004 406.2856 -42.32142
-915.5668 443.3248 -76.08597 -1730.912 -266.0866
16.08318 183.9614 413.1484 -96.13732 -1756.914
-871.3678 361.4173 2101.175 -756.8876 -1806.737
689.2938 287.7495 -1474.867 849.3899 -70.4146
-186.6036 -1037.282 1328.776 247.7528 -16.28326
-1544.898 -211.6380 -1580.517 -1184.595 294.3562
806.7723 -130.6784 -248.0548 -1400.270 -553.3768
587.9535 -307.5218 -1576.865 -766.362 -142.6210
-1272.134 -711.3823 -335.9597 -553.7683 -354.6321
-601.0772 62.4543 -824.5917 777.7436 -743.8595
-48.42813 114.0653 -490.9656 -58.88631 -1161.623
