-9.326435 -7.983221 -3.947989 -2.090214 -2.913718
-8.341796 -6.084101 -4.558677 -7.938499 -2.117938
-4.501083 -6.863316 -6.09648 -4.155213 -3.859839
-0.66103 -2.151432 -1.258192 -1.295046 -3.528225
-2.641719 -0.4672682 -3.951164 -3.296322 -0.3491033
-8.203026 -5.681784 -2.195325 -1.321755 -1.841822
-5.480821 -6.057534 -2.882531 -2.465385 0.9186303
-0.338662 -3.320358 -5.364483 -0.7226194 -1.098846
-1.852393 -4.909187 -5.993833 -4.219636 -4.850417
0.02648647 -4.111387 -0.4023393 -2.157077 -5.305497
-2.934664 -0.5887354 -2.285945 -4.947939 -6.292459
-4.547198 -6.470532 -2.131684 -0.8077177 -6.257413
-2.904786 -0.8844633 -2.442014 -4.250286 -3.333320
-4.777345 -2.051114 -3.711595 -3.953892 -3.082289
-0.8471262 -1.343531 -3.798885 -3.729369 -2.754119
-1.037220 -5.851382 -0.7877695 -0.3260602 -0.5000194
-1.908304 2.176003 -2.579748 -3.149863 -1.562812
-2.878536 -2.002617 -0.5270734 -3.615229 -3.374883
-6.414506 -1.432208 -4.785977 -2.923485 -1.60682
-2.897164 -2.074868 -3.225638 -1.733233 0.1779344
1.380157 -2.476269 -3.882809 -1.148182 1.143857
2.718637 -2.331807 -3.054719 -0.1501538 -2.485583
-2.696627 -1.046180 -0.7383858 -2.314687 -3.171465
-3.488824 -1.36948 -0.9518107 1.983824 -1.029427
-2.992192 -1.382686 -2.981701 -0.9580834 -1.612305
-0.7078314 -2.793326 0.5484904 -4.251911 -3.15065
-2.582241 0.1502668 -1.817711 -1.939810 0.7011901
-0.5477227 -0.5342519 -0.9348184 1.099133 0.7884724
-0.6886159 -0.7649178 -4.959002 -1.787082 -2.03618
-3.486916 -5.333523 1.983971 -1.447196 -3.968911
-2.350463 -2.649124 1.32893 0.8324907 -1.602409
-1.352806 -0.1460508 -2.942665 -1.213836 -1.296911
0.773937 0.3348223 -3.218822 -0.5029567 0.4588591
-4.459879 0.3368217 -0.06859826 -1.98351 -0.2087827
0.6769413 0.8368695 0.6924324 -0.4375972 -1.896329
-1.505518 -4.928993 -3.642934 0.7170436 0.8474262
-6.061982 0.3337974 -1.663766 -1.911375 2.900028
0.7226743 -2.763608 0.1206152 -1.032661 -0.8850857
-0.2264187 1.301625 -0.2910797 -0.8005614 -0.532355
-0.9954492 0.1514413 1.538792 0.597096 -2.431956
3.462080 -0.7077378 0.3952437 1.712903 1.551190
-2.311821 -1.281901 2.000818 3.890719 -3.378275
1.275732 -0.7647295 -4.685546 1.067309 4.112812
0.8217661 3.201786 1.513314 -1.27351 0.08348487
-1.087660 -1.262338 0.6573114 0.3581445 -0.1812269
-1.103935 -2.023479 4.036489 0.4158997 -0.1230517
-1.005805 -2.266055 0.2133789 -1.533345 -2.101382
-0.9322896 -0.1346264 0.8332385 -3.741578 -0.5803495
-3.705145 0.3488392 -2.525167 -0.7755717 -2.752709
5.896607 0.9178968 -0.7269983 -2.225764 -4.551972
-1.244911 1.262335 -1.937433 1.221472 0.2358535
-0.4387892 0.6251327 -1.673294 1.602974 -3.003375
-0.2207795 -1.023864 2.206314 -0.4194403 -3.199831
1.018256 2.624364 3.967939 0.5801726 -0.7116619
1.382844 -0.9148681 -1.107602 3.029174 1.318205
4.31026 0.5669366 -0.9629029 1.328383 -0.3207108
-0.2339727 1.634159 3.658316 4.565999 -3.754458
-0.6448267 2.209975 1.586166 3.919094 0.05799549
0.4617727 1.640165 -2.436942 -3.300648 -3.319015
1.542157 -1.798179 0.631311 2.50281 2.226672
0.08682359 1.616497 0.3209625 3.003424 2.874537
0.05906683 -1.090467 0.4618434 0.878979 1.196306
2.637989 2.560085 4.147997 -1.249661 -0.6109653
-0.6519574 0.5403804 0.1552748 0.05663603 1.138993
0.5127384 3.17129 -1.152952 -1.764893 0.6867515
-1.97019 3.729972 -0.3024323 4.179131 -2.296671
1.020821 1.666907 0.1920541 4.698568 1.379173
2.072155 -1.348316 -1.392248 2.446307 1.671254
-4.285019 2.881019 2.204135 0.2302870 -1.331077
2.066736 -4.434324 2.278680 2.640241 1.194625
3.179685 -1.252922 -0.2268861 2.047415 0.6189536
1.708739 -0.518575 2.764583 0.5162939 0.4881922
3.416124 0.04763991 -2.609837 5.269726 1.837189
1.007088 -0.2060553 3.493433 4.627187 3.758289
4.25737 -1.657067 0.3856463 2.727846 -1.440176
2.083089 5.191891 -0.1001634 3.963884 -0.2732528
0.9411004 1.241459 4.583555 0.5514634 3.531056
0.03398718 2.505665 -0.3634314 2.785987 1.073638
4.781103 3.248338 3.242209 2.400323 1.346424
-0.5565676 1.006911 4.016881 2.576361 1.773041
0.2226833 -1.250411 1.569181 1.549566 1.409885
4.116022 0.7023787 5.049414 1.138781 3.099211
0.839833 0.9154953 1.715464 1.334647 -0.9729184
2.985516 2.297962 1.130290 2.195355 2.429871
2.251930 1.597313 0.7465997 3.635892 1.863436
2.354135 1.801635 1.315623 3.383955 2.37572
1.554313 4.20637 4.598499 0.7705448 5.695756
0.3858420 4.454415 4.028502 -0.02400984 -0.5478755
2.622400 1.369671 5.608364 6.039344 -0.5760345
2.315522 0.6097496 2.701679 4.407174 -0.9664203
4.146921 -0.832459 2.748852 7.196302 4.780714
2.056246 2.045304 -2.239318 1.015763 1.055125
1.024879 3.546143 4.858579 4.243884 1.038826
3.914025 3.287679 3.484243 6.281347 1.046197
0.988275 3.548535 1.878043 -0.3642664 3.234093
0.463081 4.226291 0.4362444 2.394732 2.459227
2.49065 -1.859576 1.183409 3.186471 2.657700
3.613481 2.242646 8.333907 1.133032 0.1702513
2.865066 7.229752 6.621587 4.190992 3.045849
5.01882 4.661567 3.49238 4.676608 5.919054
