4.459774 -2.578854 -4.74709 -3.530326 0.004744444
-3.671662 -3.580519 0.2540529 -5.121497 -1.289123
7.61036 1.270783 7.319286 5.167076 1.634240
12.67661 2.067434 1.663568 4.71107 -0.9964291
-1.731380 6.922517 -3.131987 0.8881093 7.78464
0.3545441 -1.473924 -0.07753668 -1.512171 -2.102866
-4.143500 -2.24197 -7.762563 -1.942605 -1.494833
-4.972261 -3.591139 -4.750592 -3.721551 -3.504233
-2.680016 -4.180595 -0.7631013 -0.9362444 -4.740375
-4.501103 -2.021905 2.187538 -4.917785 1.568132
-0.1189729 5.266164 8.444836 2.355752 0.8566936
-6.061058 -0.1832251 5.593181 -1.113033 8.131074
3.934554 9.074654 4.552539 4.408495 6.876109
2.912913 8.735837 5.422268 2.322079 8.255455
7.080776 11.49680 8.684328 3.939640 9.44478
2.013057 1.413661 5.931501 2.637188 -0.741993
1.950082 3.758892 -5.36426 -2.093309 -9.851209
-3.101458 -1.894197 -0.04528582 -6.68069 -1.366495
1.862044 -1.449767 0.2144705 1.562693 2.20891
-1.948140 -6.369977 -2.696342 -7.21098 -5.839076
-7.158593 -3.416149 -8.829782 -11.48657 -5.826929
-6.577263 -2.254818 -2.763733 -4.221545 -5.943357
-9.507444 -7.661143 -5.64654 0.1505630 -2.704274
-5.539901 -1.217917 0.7344725 3.961565 2.095337
6.169356 -7.035123 3.870378 0.2240122 1.534019
-1.571053 2.153190 9.021644 -3.721241 0.1616420
2.644785 1.834196 1.741594 4.204371 4.37311
9.113086 4.357794 5.324294 6.53878 4.326663
5.014628 -0.8605714 1.103152 7.249159 1.490101
1.591260 3.709869 5.067106 10.71464 10.17551
6.146973 0.2084175 1.776067 0.5290632 4.842794
4.536301 4.892424 -4.17192 0.1788494 -2.626459
-1.185647 3.699087 -3.742336 -4.526037 0.09392624
-7.796997 -2.039755 2.573099 -5.687145 1.937547
-2.227150 -5.633588 -3.170913 -8.520727 -6.94084
-4.283655 -2.148907 -6.48253 -4.891238 -5.154397
-6.285412 -4.293156 -8.918024 -13.92603 -3.381147
-7.192069 -9.38818 -2.601468 4.064848 -1.944088
-9.948964 -5.043219 1.129303 -4.034798 8.81005
1.566369 1.466412 8.46536 5.384895 -0.1555766
0.5694203 7.794987 5.483037 1.327515 -1.327350
-1.184925 1.727610 6.236003 11.74125 3.008169
3.684059 4.698081 -0.9919553 3.59042 1.804055
5.892124 5.856169 17.50614 6.851169 -0.5105688
1.233769 5.338577 2.694609 1.344127 -4.166939
-3.198543 1.708079 -1.805203 9.912695 3.753344
4.312039 -3.125766 -0.9181922 4.685793 3.904775
-6.834411 -3.557947 -6.84331 -0.791779 -2.195034
-7.486962 2.023831 -0.87101 -4.645032 -2.914060
-8.492712 -5.612774 -2.064579 0.7140252 -4.425421
-6.712287 -5.759035 3.562684 -3.807303 -9.571824
5.376864 -7.722917 1.541989 0.2133000 -2.084276
-0.6433386 3.822170 -1.532759 7.375766 -0.9585003
-6.688874 10.22061 -0.2960736 7.029602 11.79153
7.607523 0.9471138 0.586928 -0.3845343 7.335418
9.397519 -0.9029207 1.510625 0.5839217 2.582950
9.314818 0.09064666 6.305046 4.975127 3.886729
-1.050740 6.703815 8.595684 6.254328 -3.341282
0.97863 -4.363505 -4.221385 2.758181 -8.110475
-5.073386 -7.474331 2.13177 -10.71631 -8.16395
-3.223758 -5.633804 -6.392978 -7.13332 -1.752202
-5.546946 -9.4095 -9.929919 -8.567871 -5.897453
-11.75044 -0.2970565 -4.829576 -7.907337 0.8436651
-4.898654 1.470360 -2.088464 -7.43869 1.953131
3.099679 4.123512 10.27913 1.484643 16.63846
5.850809 8.836673 6.322465 6.55129 2.990546
4.101601 -0.8023798 1.461634 -4.800515 8.72931
2.91192 -0.5234258 1.072444 -1.529458 1.285430
4.025448 -3.003119 2.726867 3.235861 4.790453
-0.77405 4.718977 2.376096 -1.558376 -5.452318
-4.769752 -8.113767 -4.523162 -0.771839 1.147800
-10.63037 -5.252586 -16.69084 -5.935998 -2.477631
-12.04815 -6.753427 -0.6612839 -3.865565 -8.274693
-1.420848 -3.979559 -1.387826 -2.724507 -4.941387
1.330300 -1.436854 -9.210832 -0.1471999 7.486054
2.152157 -1.023958 2.299718 -3.686352 9.68816
0.240767 -1.022021 6.315505 5.255279 0.807928
4.919336 1.334575 5.996088 0.8224639 0.7096093
0.946634 -5.426731 6.181106 7.804153 12.43115
1.512987 11.77684 8.806072 6.469156 -2.92134
3.608919 4.963161 1.097848 5.318736 5.20545
8.739222 4.17868 -0.9822911 -0.6717948 9.391126
-6.38818 -1.870088 0.8817114 -5.906027 -7.096346
1.496300 -3.893861 -1.416995 -9.237005 -5.325124
-10.27003 -8.4153 -2.500629 0.07591986 -1.579066
-1.766828 -0.8703044 -9.65822 -13.47194 1.024265
-4.066552 5.40778 -7.097457 -3.828204 -3.668901
-7.883953 -5.873379 -4.746652 -3.811059 -4.598481
-0.2856567 0.2863398 -4.048680 2.336187 -2.066876
-2.20976 2.364130 2.064960 -2.246159 9.808368
9.952922 6.445174 8.283813 -3.512557 5.955828
1.841311 8.220566 3.533567 -0.002458187 2.359178
-4.780107 -1.262044 9.126608 -4.237958 7.879415
3.136888 4.620861 4.005066 -4.126149 0.6392424
-3.382113 -1.638926 0.7884673 3.314366 -2.654412
-2.682347 -3.127372 -2.968829 -2.520508 -1.865872
5.147287 -3.067034 -0.6029228 -3.838285 -12.02206
-0.1189986 4.886599 -4.530256 -0.8924195 -2.492488
-0.6966195 -13.38267 1.155583 -12.09713 -7.200854
-1.159951 -0.5329511 2.677025 0.2282326 -5.50924
