0.1226716 0.1544963 0.1550377 0.1650184 0.3622922
0.422555 0.6874206 0.761212 0.8128332 0.8167011
0.8573413 0.8574102 0.8985794 1.167312 1.189034
1.621395 1.723693 1.870159 1.995845 2.052199
2.257489 2.336780 2.397709 2.405391 2.735144
2.811373 3.258100 3.331822 3.622077 3.708652
3.832117 3.949221 4.102817 4.161382 4.168289
4.256529 4.654204 4.671507 4.92335 5.058158
5.159416 5.191042 5.257965 5.345768 5.431823
5.439243 5.676768 5.692285 5.913112 5.935911
6.075666 6.124698 6.216242 6.223912 6.644193
6.672398 6.922118 7.096728 7.153867 7.422695
7.431852 7.54496 7.556757 7.587387 7.758246
7.769349 7.800493 7.903672 7.959286 7.980408
8.029297 8.117004 8.201794 8.235694 8.28376
8.370483 8.403116 8.441255 8.594861 8.64046
8.900424 8.902413 9.002238 9.061302 9.118351
9.136914 9.156786 9.188364 9.300965 9.497333
9.567678 9.61229 9.647579 9.705423 9.821157
9.87225 9.879126 10.06174 10.31768 10.32964
10.37232 10.38628 10.48638 10.66879 10.92349
10.98383 11.01109 11.23968 11.27809 11.32322
11.32853 11.36625 11.43744 11.48874 11.59371
11.75018 12.05366 12.18112 12.23617 12.37104
12.52923 12.57725 12.62869 12.65489 12.66269
12.71713 12.94183 12.9421 12.94475 13.08233
13.16095 13.17339 13.19074 13.35274 13.46870
13.63703 13.87176 14.03001 14.05866 14.13051
14.16567 14.23725 14.27874 14.30517 14.39636
14.52413 14.70978 14.72604 14.73221 14.73382
14.76167 14.81265 14.87519 15.09301 15.12419
15.18202 15.21167 15.27079 15.29476 15.38241
15.58327 15.63756 15.87562 15.94672 15.99447
16.15698 16.21941 16.22408 16.23593 16.30813
16.55799 16.66493 16.90613 16.90986 16.92103
17.14526 17.14758 17.17101 17.18026 17.30189
17.33327 17.35315 17.36820 17.49686 17.76321
17.83253 17.98930 18.15178 18.16139 18.18656
18.27510 18.31423 18.84459 18.85918 18.85999
18.93899 18.98152 19.15429 19.17230 19.19526
19.25733 19.38448 19.51549 19.51732 19.63101
19.64307 19.65618 19.74564 19.97087 19.98657
20.01936 20.14029 20.18847 20.25366 20.26729
20.28765 20.50122 20.70221 20.73995 21.00364
21.12086 21.26277 21.27095 21.32378 21.43480
21.47125 21.63242 21.64506 21.66264 21.72569
21.79505 21.94512 22.04113 22.27501 22.34967
22.50859 22.63061 22.65126 22.66652 22.69338
22.82862 22.94837 23.17364 23.35442 23.37835
23.38324 23.49697 23.56262 23.71468 23.75864
23.79931 23.94702 24.05280 24.17308 24.19502
24.27011 24.45043 24.49258 24.72267 24.93783
25.11130 25.21771 25.26972 25.31868 25.44081
25.53073 25.61701 25.72367 25.88807 26.0739
26.08915 26.09598 26.12172 26.16232 26.21080
26.38809 26.5704 26.66718 26.75839 26.79325
26.85920 26.90367 26.96362 27.12331 27.22775
27.38958 27.40434 27.6413 27.86462 28.06644
28.19526 28.21186 28.34468 28.41322 28.82981
28.90755 28.99303 29.01573 29.21511 29.26317
29.35294 29.45106 29.51683 29.5846 29.62341
29.72108 29.7766 29.83778 29.89945 29.92093
29.92204 30.10108 30.11658 30.4185 30.68450
30.69686 30.77979 30.89153 31.06896 31.35001
31.42561 31.69685 32.03592 32.05083 32.35772
32.47602 32.58396 32.63846 32.77190 33.07178
33.26851 33.30177 33.45191 33.45654 33.49833
33.54886 33.6654 33.72402 33.83114 34.02803
34.28744 34.34726 34.34819 34.41375 34.53751
34.57512 34.66134 34.70457 34.87170 34.99448
35.00217 35.09875 35.12391 35.46920 35.53675
35.58283 35.68893 35.87837 35.94341 35.97949
36.00372 36.01072 36.08177 36.17368 36.18899
36.29204 36.46164 36.53321 36.55236 36.87762
37.02989 37.04587 37.09504 37.09891 37.40565
37.42735 37.49737 37.70124 37.70746 37.91224
37.91368 38.00608 38.0322 38.11077 38.11961
38.33709 38.38427 38.44167 38.49109 38.8221
38.96655 39.02765 39.04429 39.0478 39.08048
39.58344 39.58839 39.63417 39.68307 39.88826
39.97515 39.97973 40.0265 40.08031 40.08116
40.09329 40.16462 40.18234 40.37283 40.49967
40.75872 40.96535 40.98500 41.03563 41.06593
41.07222 41.12376 41.20941 41.41843 41.62897
41.63434 41.73408 41.95518 42.06435 42.12738
42.14023 42.25607 42.38813 42.41761 42.46008
42.53883 42.5577 42.62464 42.66365 42.69457
42.98808 43.10187 43.18954 43.21174 43.39680
43.42606 43.51236 43.5591 43.6518 43.80291
43.91001 44.44745 44.45069 44.85989 44.91565
44.92655 44.99511 45.11742 45.37196 45.40915
45.65935 45.7401 45.7661 45.88307 46.01325
46.02167 46.04346 46.19222 46.19667 46.26492
46.6305 46.65914 46.74766 46.83757 47.0204
47.03698 47.11395 47.30046 47.42907 47.50043
47.56489 47.73829 47.89525 47.98585 48.08316
48.22366 48.37894 48.42166 48.45771 48.47279
48.5978 48.88304 48.89236 48.90051 49.00613
49.03415 49.13486 49.14705 49.14878 49.19597
49.26549 49.46846 49.64787 49.72224 49.90648
