-4625.149 -1040.765 -8978.758 949.4944 -19486.54
2774.258 10333.63 610.5357 -3855.197 1590.303
-557.3433 -669.6008 -2751.094 -13373.36 -6599.415
-9421.112 481.8075 -1273.828 -1536.309 -16007.87
-1377.731 -1965.411 -408.7563 3026.903 26.16803
-5703.98 -9801.27 3731.757 -3832.323 -6529.406
-8199.854 -3123.458 11488.60 1426.454 5980.432
-2026.235 3694.717 -5907.617 8403.459 -3152.879
-8730.474 7941.46 -4114.224 3903.690 -8239.926
11660.80 -10628.57 -3390.85 -1891.053 2652.253
-2045.999 -5148.569 6370.936 -3764.563 -2892.646
2174.493 1241.742 -4747.952 1405.252 174.3258
NaN -14166.64 -52.64505 -672.8522 2339.150
-13284.15 810.4505 23330.30 -2064.578 2124.470
208.5075 -677.0937 NaN 1053.541 641.7754
4664.817 102.6391 -6834.267 -3978.826 6613.444
12841.12 3820.672 7490.228 -10152.44 -4124.881
-325.6482 -348.7767 5518.425 -6562.499 3442.981
-3401.81 3436.41 -9730.261 -11521.47 -4579.748
NaN -8576.895 3553.898 -2418.148 -3516.753
1835.565 5154.093 -9715.988 -4391.939 2682.095
170.9982 -343.9458 -201.2688 -1954.334 2572.597
-6295.713 11461.10 -455.7864 -18.78040 1726.062
-1803.297 3894.176 946.143 -1085.058 -409.1692
7933.856 4719.362 -264.5064 -2742.334 10618.12
-6972.809 3752.675 -392.7127 NaN -8354.679
-5455.75 -4169.484 -8018.295 2618.790 2123.42
-2246.63 443.6648 2886.639 6540.929 7725.321
-101.3521 NaN -2477.683 -3269.430 2327.714
1145.668 409.0020 -3938.011 -2830.575 NaN
-287.7241 2702.038 -1909.458 -5550.169 4579.381
-240.3157 -4619.994 -2286.944 -850.6102 1373.074
1252.594 -2823.687 -548.693 4905.312 2408.943
-1277.561 364.4956 -373.4501 -1318.181 -1870.980
-10288.43 913.0761 4152.577 1589.527 4580.999
-1606.448 -253.501 892.3083 -869.852 -3250.593
-2610.213 -6040.867 7730.378 1620.171 -556.7625
-7070.062 -6327.213 -3360.904 -9833.688 -4082.443
7113.599 -1359.039 -5585.65 2116.135 -4621.044
553.5395 -304.1032 -822.4417 1931.608 4817.114
-8359.568 2915.235 8138.176 -11108.87 2406.355
1925.871 419.6712 1063.863 61.12323 2426.884
-3454.952 -567.7591 49.57327 -3716.317 -3512.427
-1204.082 -942.592 -60.3239 5484.697 -4004.747
1617.142 -6532.795 NaN -2784.245 685.8702
3394.551 -4400.863 -2002.443 7707.733 5694.473
-9114.068 -3371.576 -7802.478 -5580.087 1810.049
-2523.773 -15327.52 2280.763 -942.1415 -4345.054
-1067.735 3609.79 2017.565 -184.8691 -5016.421
-7394.312 510.8246 639.252 -100.4565 -7538.172
3544.93 318.4299 -189.867 -3038.797 -2129.471
11165 -1110.381 -13405.28 -2103.291 -8293.38
-4156.276 4610.05 -1837.931 1394.941 -834.35
-855.6692 785.5226 -3162.431 -4303.717 673.174
-5096.103 -532.1938 -3790.221 3052.36 -1735.597
-3448.867 -8884.09 -7277.556 6322.455 -347.9844
-3144.585 -4022.319 -3297.976 -182.8582 2309.507
-1531.287 -4790.08 -3965.069 -7233.714 215.3393
3951.337 NaN NaN -11448.45 -10127.00
-7790.544 -1122.478 -6207.239 NaN -4891.106
-1077.91 -1363.866 -3813.582 -2538.444 7840.39
1685.8 -3881.256 -23.16090 -212.0212 2220.750
-1956.275 1204.433 -524.6865 2185.000 8536.374
995.0506 -3601.187 2260.120 1012.207 958.934
-198.6067 3643.422 -3153.688 -8080.803 -1421.262
-2024.706 -102.8293 3901.063 155.5380 -4346.052
-1142.022 -9532.597 1933.896 2695.1 -535.6441
2487.963 -1329.605 -5182.01 1850.979 1505.993
-6067.994 9246.069 2039.094 -6014.946 -413.2720
-433.6806 -8984.84 4167.661 330.5329 -173.3094
4282.693 1212.676 602.2801 693.5189 4387.923
270.6464 -814.6712 394.0342 4706.838 -379.2568
-5071.375 5050.607 9580.821 2461.786 9351.961
2076.015 4080.890 -2159.613 9484.477 3946.868
3644.013 1845.821 -4954.525 3368.106 -1066.113
-2459.097 -2640.902 -2850.252 -545.2465 -2861.751
-4016.108 2570.188 2503.089 -1342.369 909.6504
1054.722 -993.7602 -2193.978 2550.209 -2919.309
115.8231 -186.9918 -6810.638 8522.684 -51.1546
6503.24 -17917.01 357.9456 -46.82099 4.408529
-4429.553 -3972.858 -296.8053 -1596.206 -13565.40
9296.997 2500.268 -1620.406 -2228.476 1266.664
1521.935 2269.076 6039.439 749.324 5729.746
1764.004 -5470.914 1025.618 818.8704 -6227.36
-542.6339 -14652.21 -2721.016 4663.63 -3038.328
-1526.343 -3071.658 -1372.954 -23.49370 -1669.976
-1160.796 -3568.991 -239.9155 -177.1713 -371.6267
483.6675 -1452.733 1951.854 -1163.542 NaN
-8.342259 5438.063 4592.384 -5381.389 -3081.648
-10663.27 1251.345 -3481.749 3670.888 -952.0206
7584.39 -3586.878 1046.710 2659.724 -3508.089
5390.027 227.4323 2822.253 -1061.850 2147.631
9730.44 2282.128 1252.968 2220.275 -15391.15
14992.36 1663.465 -2394.742 NaN 1420.122
-2079.752 -4822.223 -5514.332 -7899.044 -899.1899
-197.8727 -2841.203 -7928.035 2105.091 12399.33
1256.604 7913.654 108.515 -13762.38 6894.173
677.2255 75.56549 -10879.80 6930.946 -7994.94
-54.33035 12296.45 -8921.446 -1691.461 -4434.447
5895.09 3692.992 -10071.37 2046.776 -2176.493
