0.3084991 0.3385229 0.3623766 0.4252159 0.4784518
0.6820328 0.7968805 0.8431115 0.9824612 1.030727
1.063922 1.192031 1.197262 1.245030 1.314369
1.395496 1.583278 1.741083 1.827923 1.953226
1.977127 2.037932 2.049327 2.080069 2.261349
2.333363 2.568584 2.570722 2.630276 2.735847
3.534186 3.589951 3.702724 3.735429 3.804705
4.058526 4.158520 4.165784 4.318327 4.326826
4.373849 4.463391 4.632012 4.651783 4.761051
4.882652 4.909597 4.9968 5.016928 5.11583
5.156439 5.18012 5.29734 5.512203 5.634732
5.658272 5.660646 5.710308 5.810046 5.97931
6.006972 6.142721 6.150629 6.189224 6.269022
6.306398 6.439015 6.529429 6.705145 6.711889
6.899236 7.048595 7.207937 7.40719 7.411578
7.439306 7.499212 7.607717 7.650426 7.650441
7.776628 7.828424 7.847087 7.849783 7.906436
8.041678 8.142889 8.214517 8.27729 8.467216
8.659481 8.724781 8.758077 9.145005 9.147271
9.320026 9.356356 9.588243 9.610763 9.718853
9.801053 9.84042 9.919296 10.07911 10.22554
10.27695 10.40165 10.42252 10.46110 10.46692
10.65028 10.68633 10.76671 11.14967 11.18778
11.36372 11.63849 11.67113 11.76781 11.84912
11.87919 12.18696 12.50728 12.71393 12.72033
12.81645 13.03326 13.08024 13.17395 13.19740
13.20659 13.39115 13.82101 13.84766 13.96419
14.02720 14.13563 14.20321 14.32614 14.36113
15.30547 15.31698 15.34038 15.34841 15.74075
15.79518 15.86387 16.20110 16.22756 16.49034
16.71615 16.83018 16.93341 17.01771 17.02047
17.02322 17.21319 17.22646 17.35913 17.69353
17.75169 17.79214 18.06481 18.11975 18.23302
18.38791 18.44683 18.49402 18.55563 18.60237
18.70757 18.77249 18.87584 18.99249 19.25882
19.36736 19.41431 19.46330 19.49755 19.59703
19.8373 19.83978 19.98220 20.08219 20.09109
20.29687 20.35725 20.47358 20.64636 20.83366
21.00513 21.02711 21.06248 21.19806 21.60401
21.94306 21.94979 21.99346 21.99508 22.06023
22.06298 22.28142 22.44706 22.50754 22.58709
22.65812 22.72233 22.77087 22.83742 22.83924
22.91079 22.91505 22.95592 23.01096 23.08137
23.19407 23.46524 23.56308 23.64222 23.73419
23.74971 23.87463 23.90935 23.9283 24.07539
24.16262 24.16288 24.27044 24.41403 24.71098
24.87433 24.93485 24.94574 25.31927 25.38958
25.49405 25.57899 25.60372 25.61221 25.74702
25.99616 26.09055 26.16718 26.2032 26.34317
26.60516 26.632 26.69719 27.03036 27.04115
27.22428 27.25865 27.47083 27.52110 27.62512
27.68193 28.03988 28.15748 28.17585 28.19574
28.21782 28.31765 28.37742 28.76691 28.8018
28.98492 29.08501 29.11651 29.21081 29.21411
29.48781 29.90648 29.94919 29.96995 30.15107
30.27895 30.36724 30.38746 30.54267 30.81154
30.83524 31.07696 31.11055 31.33078 31.43879
31.57294 31.65008 31.65178 31.68653 31.72916
31.73347 31.85411 31.87407 31.94509 31.99156
32.03884 32.37743 32.75931 32.76186 32.80119
32.90699 32.99118 33.00664 33.13757 33.16655
33.1714 33.35651 33.45039 33.48087 33.50773
33.72668 33.74012 33.95885 33.96184 34.05299
34.07 34.08621 34.13822 34.23956 34.32957
34.36757 34.4095 34.51989 34.61126 34.6281
34.69321 34.71485 34.76608 34.83243 35.1079
35.25831 35.40668 35.4418 35.55534 35.65576
35.69127 35.73225 35.91972 35.93791 35.97405
36.03796 36.05278 36.06658 36.08806 36.26697
36.2802 36.39943 36.61099 36.81091 36.87024
36.9416 37.02461 37.13772 37.18607 37.38937
37.41773 37.42854 37.44333 37.48514 37.49506
37.64951 37.82103 37.85175 37.91112 38.01171
38.0166 38.04518 38.11094 38.15910 38.35455
38.43849 38.44791 38.49270 38.49744 38.50984
38.65449 38.69234 38.70656 39.05126 39.05476
39.10123 39.22130 39.29594 39.44412 39.50902
39.55771 39.90137 39.90746 39.98367 40.12148
40.19327 40.2584 40.3086 40.35981 41.05424
41.09144 41.14298 41.17734 41.37128 41.37856
41.46125 41.48524 41.69158 41.70276 41.74501
41.82641 42.09294 42.13899 42.1579 42.49998
42.57593 42.74624 42.80725 42.97592 42.99222
43.11158 43.18501 43.33665 43.71463 43.89502
43.94488 44.15766 44.27370 44.42593 44.42629
44.49958 44.50546 44.69143 44.71492 44.75718
44.77843 44.96669 44.99479 44.99732 45.04766
45.05884 45.13811 45.20995 45.24871 45.36316
45.4193 45.46631 45.60497 45.73257 45.85282
45.90328 46.15349 46.19071 46.21514 46.28288
46.41136 46.44455 46.47513 46.48401 46.71734
46.85626 47.0079 47.01491 47.0534 47.05971
47.22272 47.23476 47.46298 47.50209 47.57997
47.74815 47.79948 47.8294 47.88588 47.93593
48.00299 48.00399 48.04302 48.05648 48.07068
48.07477 48.08122 48.14999 48.16464 48.27419
48.43941 48.44902 48.6904 48.69971 48.87475
48.88609 49.04689 49.12189 49.14027 49.31589
49.35379 49.49811 49.53887 49.60947 49.8145
49.81482 49.84056 49.86309 49.93475 49.97282
