-5.017576 -3.475999 -3.011421 -1.855265 -1.658451
-1.434314 -1.382163 -0.4605484 -0.3729052 -0.2949719
0.2295240 0.7859388 0.9871327 1.017789 1.129316
1.151121 1.168621 1.309107 1.312094 1.418390
1.516566 1.525839 1.541472 1.689614 1.706451
1.717678 1.811197 1.895423 2.003965 2.067011
2.081699 2.122452 2.271286 2.277696 2.323871
2.472709 2.592612 2.723834 2.805312 3.059102
3.093519 3.204812 3.342209 3.381417 3.385526
3.547421 3.56959 3.570431 3.721518 3.744733
3.779228 3.861398 3.984834 4.047699 4.180232
4.265049 4.328953 4.331671 4.3834 4.406225
4.420705 4.484836 4.492729 4.539354 4.545162
4.56862 4.606952 4.62244 4.704911 4.717735
4.739444 4.785622 4.798399 4.914986 4.939575
4.992205 5.027869 5.04663 5.169572 5.214532
5.223743 5.321107 5.342875 5.344302 5.379087
5.447363 5.457974 5.493389 5.559643 5.58044
5.61891 5.710244 5.738776 5.751411 5.755273
5.756345 5.766436 5.794341 5.849658 5.869749
6.06777 6.123687 6.14311 6.146698 6.216369
6.320598 6.370336 6.3863 6.402214 6.414506
6.464634 6.4653 6.531848 6.583003 6.621844
6.622272 6.624478 6.629755 6.645753 6.649456
6.649897 6.695683 6.752209 6.780499 6.828141
6.84503 6.97222 6.974118 7.113174 7.127575
7.145356 7.156634 7.17719 7.181148 7.187191
7.305031 7.360322 7.369976 7.38668 7.391516
7.409076 7.420506 7.458282 7.458893 7.468246
7.498925 7.519689 7.529846 7.570753 7.574683
7.579958 7.624846 7.667915 7.682559 7.702996
7.75514 7.767202 7.77298 7.788453 7.805261
7.824736 7.836591 7.839654 7.849669 7.857847
7.895235 7.897377 7.906597 7.92781 7.959933
7.987952 7.99148 8.026662 8.077205 8.086114
8.098104 8.11442 8.140695 8.141031 8.184171
8.232727 8.245928 8.26616 8.272492 8.282044
8.292732 8.303292 8.317979 8.431156 8.435878
8.466023 8.472084 8.499695 8.504889 8.514495
8.521724 8.544882 8.595813 8.596554 8.596568
8.625 8.645 8.646216 8.693957 8.740048
8.75096 8.79307 8.832969 8.87835 8.97086
8.985247 9.029029 9.047907 9.052086 9.07335
9.079382 9.163312 9.196746 9.233661 9.239968
9.260292 9.275239 9.285275 9.299273 9.320926
9.321695 9.335747 9.374625 9.397832 9.40277
9.408912 9.439592 9.440398 9.478723 9.49937
9.515275 9.526049 9.553831 9.59142 9.621619
9.643237 9.679999 9.703778 9.786307 9.786648
9.827917 9.832952 9.834987 9.835865 9.854574
9.909641 9.980669 9.984228 10.00612 10.02198
10.03804 10.07051 10.09359 10.11245 10.12264
10.13067 10.18701 10.19426 10.23845 10.24862
10.25631 10.25894 10.34392 10.41382 10.42891
10.43996 10.45556 10.54874 10.55162 10.56616
10.65195 10.65321 10.67062 10.68034 10.70177
10.70703 10.73739 10.76679 10.77168 10.82182
10.86768 10.89429 10.93762 10.94517 10.96654
10.97096 10.97641 11.00431 11.02800 11.05494
11.10464 11.10484 11.15305 11.17294 11.18963
11.25276 11.26766 11.29155 11.30796 11.32564
11.34607 11.37358 11.39052 11.39319 11.39604
11.43564 11.44152 11.44998 11.54649 11.58362
11.58384 11.59885 11.60945 11.61135 11.65146
11.65613 11.71346 11.72390 11.74960 11.76088
11.83361 11.85693 11.86094 11.90630 11.90651
11.94782 11.98719 12.00569 12.00987 12.03108
12.03259 12.03478 12.05186 12.08336 12.09890
12.10747 12.16062 12.19891 12.21360 12.23488
12.2586 12.27762 12.29908 12.33614 12.35099
12.35213 12.35216 12.36578 12.41172 12.41350
12.45458 12.54486 12.55221 12.56625 12.60842
12.61969 12.62626 12.63439 12.68499 12.68894
12.70658 12.71834 12.72289 12.73322 12.74818
12.75521 12.81016 12.84476 12.85495 12.94400
12.97157 12.98527 13.08499 13.09413 13.13364
13.14632 13.14766 13.17169 13.1949 13.23040
13.31640 13.31927 13.34352 13.37864 13.41263
13.43484 13.45061 13.50322 13.56146 13.57227
13.58908 13.60090 13.75850 13.78471 13.83427
13.84156 13.86171 13.87506 13.92538 13.94212
14.03790 14.14863 14.15322 14.15880 14.17248
14.24625 14.25993 14.27969 14.31688 14.32131
14.33453 14.43304 14.44606 14.45251 14.46395
14.477 14.50560 14.51860 14.52515 14.61036
14.62987 14.64689 14.6591 14.6834 14.78321
14.80203 14.88967 14.90025 15.06989 15.07633
15.11673 15.14886 15.19426 15.20292 15.20698
15.21106 15.31480 15.31713 15.45536 15.51479
15.5449 15.55755 15.58906 15.69742 15.70697
15.71122 15.80435 15.82259 15.89918 15.92484
15.92502 15.92709 15.99794 16.07923 16.19398
16.23008 16.24164 16.31723 16.38214 16.41284
16.44173 16.55369 16.61246 16.69465 16.94030
16.95843 16.97375 17.11932 17.14592 17.21206
17.28773 17.29023 17.36618 17.47211 17.48601
17.72181 17.96843 17.98485 18.06955 18.07999
18.27255 18.40382 18.66681 19.07312 19.08929
19.15708 19.49498 19.61785 19.71255 20.08118
20.2147 20.50465 20.80398 20.8641 23.70972
